'Incorrecto para A igual a:'
array([[-50,  79, -22,  87, -23,   0, -97,  22, -38],
       [-39,  47, -64,  31, -44,  -3, -36, -29,  54],
       [ 27,   8,  85,  87, -17, -23,  89, -82, -66],
       [ 95, -81, -33,  65,  14, -92,   1,  91,  30],
       [-22,  86,  59,  -7,  45,  -3, -79,  64, -17],
       [-76,  71,   0, -92, -22, -52, -81, -56, -12],
       [ -7, -98,  -8, -58,  51, -22,  77, -10,  12],
       [ 88,  38,  98, -49, -37,  71, -50, -85,  -9],
       [-98,  36, -36,  21, -52,  14,   5,  86, -73]])
'P algoritmo:'
array([[0., 0., 0., 0., 0., 0., 0., 0., 1.],
       [0., 0., 0., 0., 0., 0., 1., 0., 0.],
       [0., 0., 1., 0., 0., 0., 0., 0., 0.],
       [0., 0., 0., 1., 0., 0., 0., 0., 0.],
       [0., 0., 0., 0., 0., 0., 0., 1., 0.],
       [0., 0., 0., 0., 0., 1., 0., 0., 0.],
       [1., 0., 0., 0., 0., 0., 0., 0., 0.],
       [0., 0., 0., 0., 1., 0., 0., 0., 0.],
       [0., 1., 0., 0., 0., 0., 0., 0., 0.]])
'P correcta:'
array([[0., 0., 0., 0., 0., 0., 1., 0., 0.],
       [0., 0., 0., 0., 0., 0., 0., 0., 1.],
       [0., 0., 1., 0., 0., 0., 0., 0., 0.],
       [0., 0., 0., 1., 0., 0., 0., 0., 0.],
       [0., 0., 0., 0., 0., 0., 0., 1., 0.],
       [0., 0., 0., 0., 0., 1., 0., 0., 0.],
       [0., 1., 0., 0., 0., 0., 0., 0., 0.],
       [0., 0., 0., 0., 1., 0., 0., 0., 0.],
       [1., 0., 0., 0., 0., 0., 0., 0., 0.]])
'L algoritmo'
array([[ 1.        ,  0.        ,  0.        ,  0.        ,  0.        ,
         0.        ,  0.        ,  0.        ,  0.        ],
       [ 0.07142857,  1.        ,  0.        ,  0.        ,  0.        ,
         0.        ,  0.        ,  0.        ,  0.        ],
       [-0.2755102 , -0.17816558,  1.        ,  0.        ,  0.        ,
         0.        ,  0.        ,  0.        ,  0.        ],
       [-0.96938776,  0.45840097, -0.88254717,  1.        ,  0.        ,
         0.        ,  0.        ,  0.        ,  0.        ],
       [-0.89795918, -0.69926948,  0.83489032, -0.75805622,  1.        ,
         0.        ,  0.        ,  0.        ,  0.        ],
       [ 0.7755102 , -0.42836851,  0.34531645, -0.87572859,  0.24087425,
         1.        ,  0.        ,  0.        ,  0.        ],
       [ 0.51020408, -0.60288149, -0.09317263,  0.25961656, -0.62638155,
        -0.08325245,  1.        ,  0.        ,  0.        ],
       [ 0.2244898 , -0.77475649,  0.84836106, -0.68876629, -0.69971233,
         0.34869795,  0.96653671,  1.        ,  0.        ],
       [ 0.39795918, -0.32487825, -0.6940225 ,  0.32593127, -0.06490312,
         0.01410375, -0.45372791, -0.53066603,  1.        ]])
'L correcta'
array([[ 1.        ,  0.        ,  0.        ,  0.        ,  0.        ,
         0.        ,  0.        ,  0.        ,  0.        ],
       [ 0.07142857,  1.        ,  0.        ,  0.        ,  0.        ,
         0.        ,  0.        ,  0.        ,  0.        ],
       [-0.2755102 , -0.17816558,  1.        ,  0.        ,  0.        ,
         0.        ,  0.        ,  0.        ,  0.        ],
       [-0.96938776,  0.45840097, -0.88254717,  1.        ,  0.        ,
         0.        ,  0.        ,  0.        ,  0.        ],
       [-0.89795918, -0.69926948,  0.83489032, -0.75805622,  1.        ,
         0.        ,  0.        ,  0.        ,  0.        ],
       [ 0.7755102 , -0.42836851,  0.34531645, -0.87572859,  0.24087425,
         1.        ,  0.        ,  0.        ,  0.        ],
       [ 0.51020408, -0.60288149, -0.09317263,  0.25961656, -0.62638155,
        -0.08325245,  1.        ,  0.        ,  0.        ],
       [ 0.2244898 , -0.77475649,  0.84836106, -0.68876629, -0.69971233,
         0.34869795,  0.96653671,  1.        ,  0.        ],
       [ 0.39795918, -0.32487825, -0.6940225 ,  0.32593127, -0.06490312,
         0.01410375, -0.45372791, -0.53066603,  1.        ]])
'U algoritmo:'
array([[ -98.        ,   36.        ,  -36.        ,   21.        ,
         -52.        ,   14.        ,    5.        ,   86.        ,
         -73.        ],
       [   0.        , -100.57142857,   -5.42857143,  -59.5       ,
          54.71428571,  -23.        ,   76.64285714,  -16.14285714,
          17.21428571],
       [   0.        ,    0.        ,   74.11444805,   82.18486201,
         -21.57832792,  -23.24066558,  104.03267045,  -61.18222403,
         -83.04525162],
       [   0.        ,    0.        ,    0.        ,  185.16401861,
         -80.53313748,  -88.39633278,   62.52751782,  127.7710494 ,
        -121.94770368],
       [   0.        ,    0.        ,    0.        ,    0.        ,
         -88.46695646,   19.88224694,  -31.37268839,  128.87436816,
         -85.62313506],
       [   0.        ,    0.        ,    0.        ,    0.        ,
           0.        , -146.8845518 ,  -25.65634945,  -27.63149641,
          -5.50548778],
       [   0.        ,    0.        ,    0.        ,    0.        ,
           0.        ,    0.        ,  -81.67186841,    7.94236617,
         -20.54592637],
       [   0.        ,    0.        ,    0.        ,    0.        ,
           0.        ,    0.        ,    0.        ,  264.2295444 ,
         -38.94989412],
       [   0.        ,    0.        ,    0.        ,    0.        ,
           0.        ,    0.        ,    0.        ,    0.        ,
          35.28365811]])
'U correcta:'
array([[ -98.        ,   36.        ,  -36.        ,   21.        ,
         -52.        ,   14.        ,    5.        ,   86.        ,
         -73.        ],
       [   0.        , -100.57142857,   -5.42857143,  -59.5       ,
          54.71428571,  -23.        ,   76.64285714,  -16.14285714,
          17.21428571],
       [   0.        ,    0.        ,   74.11444805,   82.18486201,
         -21.57832792,  -23.24066558,  104.03267045,  -61.18222403,
         -83.04525162],
       [   0.        ,    0.        ,    0.        ,  185.16401861,
         -80.53313748,  -88.39633278,   62.52751782,  127.7710494 ,
        -121.94770368],
       [   0.        ,    0.        ,    0.        ,    0.        ,
         -88.46695646,   19.88224694,  -31.37268839,  128.87436816,
         -85.62313506],
       [   0.        ,    0.        ,    0.        ,    0.        ,
           0.        , -146.8845518 ,  -25.65634945,  -27.63149641,
          -5.50548778],
       [   0.        ,    0.        ,    0.        ,    0.        ,
           0.        ,    0.        ,  -81.67186841,    7.94236617,
         -20.54592637],
       [   0.        ,    0.        ,    0.        ,    0.        ,
           0.        ,    0.        ,    0.        ,  264.2295444 ,
         -38.94989412],
       [   0.        ,    0.        ,    0.        ,    0.        ,
           0.        ,    0.        ,    0.        ,    0.        ,
          35.28365811]])
'Incorrecto para A igual a:'
array([[ 30,  78,  -8,  10, -55,  85, -85, -94],
       [ -3,  85, -72,  -5, -85,  71,  -7,  14],
       [-12,  25, -70, -18,  79,  98, -92, -95],
       [ 95, -80, -13, -17,  -1,  81, -16, -23],
       [ 40, -62, -20,  24,  38, -88, -69,  98],
       [ 94, -48,  55,  84,  16, -62, -63, -60],
       [-17,  32, -66,  66, -58, -46, -93,  13],
       [-85,  27, -81, -81,  28,  -5,  48, -15]])
'P algoritmo:'
array([[0., 0., 0., 1., 0., 0., 0., 0.],
       [1., 0., 0., 0., 0., 0., 0., 0.],
       [0., 0., 0., 0., 0., 0., 0., 1.],
       [0., 0., 0., 0., 0., 0., 1., 0.],
       [0., 0., 1., 0., 0., 0., 0., 0.],
       [0., 0., 0., 0., 1., 0., 0., 0.],
       [0., 1., 0., 0., 0., 0., 0., 0.],
       [0., 0., 0., 0., 0., 1., 0., 0.]])
'P correcta:'
array([[0., 1., 0., 0., 0., 0., 0., 0.],
       [0., 0., 0., 0., 0., 0., 1., 0.],
       [0., 0., 0., 0., 1., 0., 0., 0.],
       [1., 0., 0., 0., 0., 0., 0., 0.],
       [0., 0., 0., 0., 0., 1., 0., 0.],
       [0., 0., 0., 0., 0., 0., 0., 1.],
       [0., 0., 0., 1., 0., 0., 0., 0.],
       [0., 0., 1., 0., 0., 0., 0., 0.]])
'L algoritmo'
array([[ 1.        ,  0.        ,  0.        ,  0.        ,  0.        ,
         0.        ,  0.        ,  0.        ],
       [ 0.31578947,  1.        ,  0.        ,  0.        ,  0.        ,
         0.        ,  0.        ,  0.        ],
       [-0.89473684, -0.43170234,  1.        ,  0.        ,  0.        ,
         0.        ,  0.        ,  0.        ],
       [-0.17894737,  0.17125382,  0.71739173,  1.        ,  0.        ,
         0.        ,  0.        ,  0.        ],
       [-0.12631579,  0.14424057,  0.75366457,  0.36236593,  1.        ,
         0.        ,  0.        ,  0.        ],
       [ 0.42105263, -0.27420999,  0.16534625,  0.40279565,  0.4236696 ,
         1.        ,  0.        ,  0.        ],
       [-0.03157895,  0.79867482,  0.7347867 ,  0.38533703, -0.23509931,
        -0.14672655,  1.        ,  0.        ],
       [ 0.98947368,  0.30173293, -0.73201327,  0.2457167 ,  0.47371193,
         0.91731641,  0.66540062,  1.        ]])
'L correcta'
array([[ 1.        ,  0.        ,  0.        ,  0.        ,  0.        ,
         0.        ,  0.        ,  0.        ],
       [ 0.31578947,  1.        ,  0.        ,  0.        ,  0.        ,
         0.        ,  0.        ,  0.        ],
       [-0.89473684, -0.43170234,  1.        ,  0.        ,  0.        ,
         0.        ,  0.        ,  0.        ],
       [-0.17894737,  0.17125382,  0.71739173,  1.        ,  0.        ,
         0.        ,  0.        ,  0.        ],
       [-0.12631579,  0.14424057,  0.75366457,  0.36236593,  1.        ,
         0.        ,  0.        ,  0.        ],
       [ 0.42105263, -0.27420999,  0.16534625,  0.40279565,  0.4236696 ,
         1.        ,  0.        ,  0.        ],
       [-0.03157895,  0.79867482,  0.7347867 ,  0.38533703, -0.23509931,
        -0.14672655,  1.        ,  0.        ],
       [ 0.98947368,  0.30173293, -0.73201327,  0.2457167 ,  0.47371193,
         0.91731641,  0.66540062,  1.        ]])
'U algoritmo:'
array([[  95.        ,  -80.        ,  -13.        ,  -17.        ,
          -1.        ,   81.        ,  -16.        ,  -23.        ],
       [   0.        ,  103.26315789,   -3.89473684,   15.36842105,
         -54.68421053,   59.42105263,  -79.94736842,  -86.73684211],
       [   0.        ,    0.        ,  -94.31294597,  -89.57594292,
           3.49796126,   93.12589195,   -0.82925586,  -73.02344546],
       [   0.        ,    0.        ,    0.        ,  124.58703429,
         -51.32347575, -108.48909004,  -81.57696415,   76.12464197],
       [   0.        ,    0.        ,    0.        ,    0.        ,
         102.7229555 ,   68.78771678,  -52.30370532,  -57.94408435],
       [   0.        ,    0.        ,    0.        ,    0.        ,
           0.        , -106.65376486,  -29.03007447,   89.8607272 ],
       [   0.        ,    0.        ,    0.        ,    0.        ,
           0.        ,    0.        ,   71.83459073,  106.43356849],
       [   0.        ,    0.        ,    0.        ,    0.        ,
           0.        ,    0.        ,    0.        , -209.03284932]])
'U correcta:'
array([[  95.        ,  -80.        ,  -13.        ,  -17.        ,
          -1.        ,   81.        ,  -16.        ,  -23.        ],
       [   0.        ,  103.26315789,   -3.89473684,   15.36842105,
         -54.68421053,   59.42105263,  -79.94736842,  -86.73684211],
       [   0.        ,    0.        ,  -94.31294597,  -89.57594292,
           3.49796126,   93.12589195,   -0.82925586,  -73.02344546],
       [   0.        ,    0.        ,    0.        ,  124.58703429,
         -51.32347575, -108.48909004,  -81.57696415,   76.12464197],
       [   0.        ,    0.        ,    0.        ,    0.        ,
         102.7229555 ,   68.78771678,  -52.30370532,  -57.94408435],
       [   0.        ,    0.        ,    0.        ,    0.        ,
           0.        , -106.65376486,  -29.03007447,   89.8607272 ],
       [   0.        ,    0.        ,    0.        ,    0.        ,
           0.        ,    0.        ,   71.83459073,  106.43356849],
       [   0.        ,    0.        ,    0.        ,    0.        ,
           0.        ,    0.        ,    0.        , -209.03284932]])
